0.000000000000000000e+00 2.478752176666358664e-02 6.144212353328209976e-05 1.522997974471262849e-07 3.775134544279097468e-10 8.812677430707062454e-13 2.319522830243569634e-15 5.749522264293559897e-18 1.425164082740935117e-20 3.532628572200807111e-23
2.478752176666358664e-02 0.000000000000000000e+00 2.478752176666358664e-02 6.144212353328209976e-05 1.522997974471262849e-07 3.555287823310806884e-10 9.357622968840174564e-13 2.319522830243569634e-15 5.749522264293559897e-18 1.425164082740935117e-20
6.144212353328209976e-05 2.478752176666358664e-02 0.000000000000000000e+00 2.478752176666358664e-02 6.144212353328209976e-05 1.434305477077686409e-07 3.775134544279097468e-10 9.357622968840174564e-13 2.319522830243569634e-15 5.749522264293559897e-18
1.522997974471262849e-07 6.144212353328209976e-05 2.478752176666358664e-02 0.000000000000000000e+00 2.478752176666358664e-02 5.786401281174727561e-05 1.522997974471262849e-07 3.775134544279097468e-10 9.357622968840174564e-13 2.319522830243569634e-15
3.775134544279097468e-10 1.522997974471262849e-07 6.144212353328209976e-05 2.478752176666358664e-02 0.000000000000000000e+00 2.334400887529137353e-02 6.144212353328209976e-05 1.522997974471262849e-07 3.775134544279097468e-10 9.357622968840174564e-13
8.812677430707062454e-13 3.555287823310806884e-10 1.434305477077686409e-07 5.786401281174727561e-05 2.334400887529137353e-02 0.000000000000000000e+00 2.632029651013195748e-02 6.524149226499354620e-05 1.617174909608141639e-07 4.008575827241402351e-10
2.319522830243569634e-15 9.357622968840174564e-13 3.775134544279097468e-10 1.522997974471262849e-07 6.144212353328209976e-05 2.632029651013195748e-02 0.000000000000000000e+00 2.478752176666358664e-02 6.144212353328209976e-05 1.522997974471262849e-07
5.749522264293559897e-18 2.319522830243569634e-15 9.357622968840174564e-13 3.775134544279097468e-10 1.522997974471262849e-07 6.524149226499354620e-05 2.478752176666358664e-02 0.000000000000000000e+00 2.478752176666358664e-02 6.144212353328209976e-05
1.425164082740935117e-20 5.749522264293559897e-18 2.319522830243569634e-15 9.357622968840174564e-13 3.775134544279097468e-10 1.617174909608141639e-07 6.144212353328209976e-05 2.478752176666358664e-02 0.000000000000000000e+00 2.478752176666358664e-02
3.532628572200807111e-23 1.425164082740935117e-20 5.749522264293559897e-18 2.319522830243569634e-15 9.357622968840174564e-13 4.008575827241402351e-10 1.522997974471262849e-07 6.144212353328209976e-05 2.478752176666358664e-02 0.000000000000000000e+00
